16
20
10
2
12
13
15
21
11
10
22
19
20
7
20
6
22
22
17
10
16
6
25
2
7
17
9
3
6
13
8
18
12
14
3
6
10
6
15
2
12
13
4
4
4
1
1
14
24
12
5
7
24
15
9
4
4
18
22
5
17
1
21
5
14
10
1
14
8
2
2
17
22
8
14
12
10
20
5
10
12
23
16
25
18
13
12
21
17
4
6
23
25
25
18
2
9
1
9
7
15
22
8
12
23
5
13
22
6
15
25
7
10
8
13
22
12
16
12
23
19
14
9
14
18
5
2
11
13
7
5
19
25
25
13
22
16
25
10
15
16
10
25
4
5
9
21
22
20
24
4
20
20
14
18
20
20
10
14
3
20
5
1
4
7
23
12
15
4
19
6
4
9
9
7
24
22
22
15
9
4
17
19
14
23
17
18
24
15
6
22
24
18
23
6
5
5
13
24
8
10
16
4
11
23
23
2
14
19
11
22
1
9
18
21
